01001010101001100110010110111111111110101
01001010101001100110010111011111101110101
01001010101001100110010110011111110110101
01001010101001100110010111111111000001100
00001010101001100110010110111111101110101
00001010101001100110010111011111110110101
00001010101001100110010110011111100110101
00001010101001100110010111111111011110100
01110010101001100110010110111111110110101
01110010101001100110010111011111100110101
01110010101001100110010110011111111010101
01110010101001100110010111111111001110100
00110010101001100110010110111111100110101
00110010101001100110010111011111111010101
00110010101001100110010110011111101010101
00110010101001100110010111111111010110100
01010010101001100110010110111111111010101
01010010101001100110010111011111101010101
01010010101001100110010110011111110010101
01010010101001100110010111111111000110100
00010010101001100110010110111111101010101
00010010101001100110010111011111110010101
00010010101001100110010110011111100010101
00010010101001100110010111111111011010100
01111000101110100110010110111111110001001
01111000101110100110010111011111100001001
01111000101110100110010110011111111110001
01111000101110100110010111111111001001000
00111000101110100110010110111111100001001
00111000101110100110010111011111111110001
00111000101110100110010110011111101110001
00111000101110100110010111111111010001000
01011000101110100110010110111111111110001
01011000101110100110010111011111101110001
01011000101110100110010110011111110110001
01011000101110100110010111111111000001000
00011000101110100110010110111111101110001
00011000101110100110010111011111110110001
00011000101110100110010110011111100110001
00011000101110100110010111111111011110000
01101000101110100110010110111111110110001
01101000101110100110010111011111100110001
01101000101110100110010110011111111010001
01101000101110100110010111111111001110000
00101000101110100110010110111111100110001
00101000101110100110010111011111111010001
00101000101110100110010110011111101010001
00101000101110100110010111111111010110000
00110001110001001101010110111111110110100
00110001110001001101010111011111100110100
00110001110001001101010110011111111010100
00110001110001001101010111111111001110101
01010001110001001101010110111111100110100
01010001110001001101010111011111111010100
01010001110001001101010110011111101010100
01010001110001001101010111111111010110101
00010001110001001101010110111111111010100
00010001110001001101010111011111101010100
00010001110001001101010110011111110010100
00010001110001001101010111111111000110101
01100001110001001101010110111111101010100
01100001110001001101010111011111110010100
01100001110001001101010110011111100010100
01100001110001001101010111111111011010101
00100001110001001101010110111111110010100
00100001110001001101010111011111100010100
00100001110001001101010110011111111100100
00100001110001001101010111111111001010101
01000001110001001101010110111111100010100
01000001110001001101010111011111111100100
01000001110001001101010110011111101100100
01000001110001001101010111111111010010101
00100010011110100110010110111111110100100
00100010011110100110010111011111100100100
00100010011110100110010110011111111000100
00100010011110100110010111111111001100101
01000010011110100110010110111111100100100
01000010011110100110010111011111111000100
01000010011110100110010110011111101000100
01000010011110100110010111111111010100101
00000010011110100110010110111111111000100
00000010011110100110010111011111101000100
00000010011110100110010110011111110000100
00000010011110100110010111111111000100101
01111100011110100110010110111111101000100
01111100011110100110010111011111110000100
01111100011110100110010110011111100000100
01111100011110100110010111111111011000101
00111100011110100110010110111111110000100
00111100011110100110010111011111100000100
00111100011110100110010110011111111111000
00111100011110100110010111111111001000101
01011100011110100110010110111111100000100
01011100011110100110010111011111111111000
01011100011110100110010110011111101111000
01011100011110100110010111111111010000101
00101101110010100001010110111111100011011
00101101110010100001010111011111111101011
00101101110010100001010110011111101101011
00101101110010100001010111111111010011010
01101101110010100001010110111111110011011
01101101110010100001010111011111100011011
01101101110010100001010110011111111101011
01101101110010100001010111111111001011010
00011101110010100001010110111111101011011
00011101110010100001010111011111110011011
00011101110010100001010110011111100011011
00011101110010100001010111111111011011010
01011101110010100001010110111111111011011
01011101110010100001010111011111101011011
01011101110010100001010110011111110011011
01011101110010100001010111111111000111010
00111010110100100001010110111111100010101
00111010110100100001010111011111111100101
00111010110100100001010110011111101100101
00111010110100100001010111111111010010100
01111010110100100001010110111111110010101
01111010110100100001010111011111100010101
01111010110100100001010110011111111100101
01111010110100100001010111111111001010100
00000110110100100001010110111111101010101
00000110110100100001010111011111110010101
00000110110100100001010110011111100010101
00000110110100100001010111111111011010100
01000110110100100001010110111111111010101
01000110110100100001010111011111101010101
01000110110100100001010110011111110010101
01000110110100100001010111111111000110100
00110101101011001100100010111111101011111
00110101101011001100100011011111110011111
00110101101011001100100010011111100011111
00110101101011001100100011111111011011110
01010101101011001100100010111111110011111
01010101101011001100100011011111100011111
01010101101011001100100010011111111101111
01010101101011001100100011111111001011110
00010101101011001100100010111111100011111
00010101101011001100100011011111111101111
00010101101011001100100010011111101101111
00010101101011001100100011111111010011110
01000101101011001100100010111111110101111
01000101101011001100100011011111100101111
01000101101011001100100010011111111001111
01000101101011001100100011111111001101110
00000101101011001100100010111111100101111
00000101101011001100100011011111111001111
00000101101011001100100010011111101001111
00000101101011001100100011111111010101110
01111001101011001100100010111111111001111
01111001101011001100100011011111101001111
01111001101011001100100010011111110001111
01111001101011001100100011111111000101110
00111001100001110010100110111111110010000
00111001100001110010100111011111100010000
00111001100001110010100110011111111100000
00111001100001110010100111111111001010001
01011001100001110010100110111111100010000
01011001100001110010100111011111111100000
01011001100001110010100110011111101100000
01011001100001110010100111111111010010001
